   0.0000000e+00   3.3840519e+01   1.0403457e+00
   1.0010010e-03   3.3750239e+01   1.0432797e+00
   2.0020020e-03   3.3640377e+01   1.0464994e+00
   3.0030030e-03   3.3513968e+01   1.0499742e+00
   4.0040040e-03   3.3374048e+01   1.0536740e+00
   5.0050050e-03   3.3223652e+01   1.0575683e+00
   6.0060060e-03   3.3065814e+01   1.0616268e+00
   7.0070070e-03   3.2903570e+01   1.0658191e+00
   8.0080080e-03   3.2739955e+01   1.0701149e+00
   9.0090090e-03   3.2578003e+01   1.0744839e+00
   1.0010010e-02   3.2420751e+01   1.0788956e+00
   1.1011011e-02   3.2248576e+01   1.0845816e+00
   1.2012012e-02   3.2100050e+01   1.0902391e+00
   1.3013013e-02   3.1970611e+01   1.0955218e+00
   1.4014014e-02   3.1843094e+01   1.1009493e+00
   1.5015015e-02   3.1694502e+01   1.1073040e+00
   1.6016016e-02   3.1517596e+01   1.1145566e+00
   1.7017017e-02   3.1335060e+01   1.1219583e+00
   1.8018018e-02   3.1149259e+01   1.1293513e+00
   1.9019019e-02   3.0978282e+01   1.1359786e+00
   2.0020020e-02   3.0817337e+01   1.1416115e+00
   2.1021021e-02   3.0644501e+01   1.1473633e+00
   2.2022022e-02   3.0470050e+01   1.1530903e+00
   2.3023023e-02   3.0294075e+01   1.1589072e+00
   2.4024024e-02   3.0112361e+01   1.1651742e+00
   2.5025025e-02   2.9939172e+01   1.1714799e+00
   2.6026026e-02   2.9766130e+01   1.1780073e+00
   2.7027027e-02   2.9592479e+01   1.1848152e+00
   2.8028028e-02   2.9419109e+01   1.1919037e+00
   2.9029029e-02   2.9236149e+01   1.2002950e+00
   3.0030030e-02   2.9053852e+01   1.2091089e+00
   3.1031031e-02   2.8886425e+01   1.2172776e+00
   3.2032032e-02   2.8720655e+01   1.2252810e+00
   3.3033033e-02   2.8568265e+01   1.2322952e+00
   3.4034034e-02   2.8415197e+01   1.2381573e+00
   3.5035035e-02   2.8246141e+01   1.2444941e+00
   3.6036036e-02   2.8073349e+01   1.2509952e+00
   3.7037037e-02   2.7914107e+01   1.2571581e+00
   3.8038038e-02   2.7756144e+01   1.2636795e+00
   3.9039039e-02   2.7596193e+01   1.2716893e+00
   4.0040040e-02   2.7435343e+01   1.2800113e+00
   4.1041041e-02   2.7273810e+01   1.2885159e+00
   4.2042042e-02   2.7111810e+01   1.2970734e+00
   4.3043043e-02   2.6949559e+01   1.3055541e+00
   4.4044044e-02   2.6788902e+01   1.3128514e+00
   4.5045045e-02   2.6628384e+01   1.3198381e+00
   4.6046046e-02   2.6467468e+01   1.3268360e+00
   4.7047047e-02   2.6320599e+01   1.3333191e+00
   4.8048048e-02   2.6176401e+01   1.3398618e+00
   4.9049049e-02   2.6016027e+01   1.3478351e+00
   5.0050050e-02   2.5849847e+01   1.3571335e+00
   5.1051051e-02   2.5697680e+01   1.3658523e+00
   5.2052052e-02   2.5548725e+01   1.3744864e+00
   5.3053053e-02   2.5414185e+01   1.3823000e+00
   5.4054054e-02   2.5283374e+01   1.3898515e+00
   5.5055055e-02   2.5138196e+01   1.3977235e+00
   5.6056056e-02   2.4989497e+01   1.4050389e+00
   5.7057057e-02   2.4840799e+01   1.4123009e+00
   5.8058058e-02   2.4692101e+01   1.4196006e+00
   5.9059059e-02   2.4557656e+01   1.4263090e+00
   6.0060060e-02   2.4427544e+01   1.4329647e+00
   6.1061061e-02   2.4297653e+01   1.4399310e+00
   6.2062062e-02   2.4169041e+01   1.4476923e+00
   6.3063063e-02   2.4040196e+01   1.4557054e+00
   6.4064064e-02   2.3910916e+01   1.4639498e+00
   6.5065065e-02   2.3780996e+01   1.4724052e+00
   6.6066066e-02   2.3650235e+01   1.4810513e+00
   6.7067067e-02   2.3518428e+01   1.4898679e+00
   6.8068068e-02   2.3384194e+01   1.4988344e+00
   6.9069069e-02   2.3261084e+01   1.5069811e+00
   7.0070070e-02   2.3142498e+01   1.5148566e+00
   7.1071071e-02   2.3008895e+01   1.5237569e+00
   7.2072072e-02   2.2868969e+01   1.5331026e+00
   7.3073073e-02   2.2742779e+01   1.5415466e+00
   7.4074074e-02   2.2622123e+01   1.5496292e+00
   7.5075075e-02   2.2501331e+01   1.5577254e+00
   7.6076076e-02   2.2381758e+01   1.5654542e+00
   7.7077077e-02   2.2262269e+01   1.5731821e+00
   7.8078078e-02   2.2142779e+01   1.5809597e+00
   7.9079079e-02   2.2023289e+01   1.5888126e+00
   8.0080080e-02   2.1903799e+01   1.5967663e+00
   8.1081081e-02   2.1784309e+01   1.6048464e+00
   8.2082082e-02   2.1664820e+01   1.6130786e+00
   8.3083083e-02   2.1545363e+01   1.6215084e+00
   8.4084084e-02   2.1426525e+01   1.6305124e+00
   8.5085085e-02   2.1320750e+01   1.6386814e+00
   8.6086086e-02   2.1221579e+01   1.6464609e+00
   8.7087087e-02   2.1122284e+01   1.6543560e+00
   8.8088088e-02   2.1022829e+01   1.6623593e+00
   8.9089089e-02   2.0923177e+01   1.6704635e+00
   9.0090090e-02   2.0823290e+01   1.6786610e+00
   9.1091091e-02   2.0723132e+01   1.6869444e+00
   9.2092092e-02   2.0622665e+01   1.6953065e+00
   9.3093093e-02   2.0508580e+01   1.7045908e+00
   9.4094094e-02   2.0386430e+01   1.7145609e+00
   9.5095095e-02   2.0276516e+01   1.7236027e+00
   9.6096096e-02   2.0173961e+01   1.7321068e+00
   9.7097097e-02   2.0071056e+01   1.7407126e+00
   9.8098098e-02   1.9967801e+01   1.7494275e+00
   9.9099099e-02   1.9864194e+01   1.7582591e+00
   1.0010010e-01   1.9760237e+01   1.7672145e+00
   1.0110110e-01   1.9668422e+01   1.7752075e+00
   1.0210210e-01   1.9584493e+01   1.7826689e+00
   1.0310310e-01   1.9487720e+01   1.7914196e+00
   1.0410410e-01   1.9382016e+01   1.8010764e+00
   1.0510511e-01   1.9288395e+01   1.8097115e+00
   1.0610611e-01   1.9203478e+01   1.8176077e+00
   1.0710711e-01   1.9106223e+01   1.8267229e+00
   1.0810811e-01   1.8999750e+01   1.8367859e+00
   1.0910911e-01   1.8905218e+01   1.8457905e+00
   1.1011011e-01   1.8819876e+01   1.8539738e+00
   1.1111111e-01   1.8722583e+01   1.8633631e+00
   1.1211211e-01   1.8615964e+01   1.8736934e+00
   1.1311311e-01   1.8521915e+01   1.8826930e+00
   1.1411411e-01   1.8437356e+01   1.8908394e+00
   1.1511512e-01   1.8341293e+01   1.9001648e+00
   1.1611612e-01   1.8235438e+01   1.9105371e+00
   1.1711712e-01   1.8140766e+01   1.9199080e+00
   1.1811812e-01   1.8055864e+01   1.9283940e+00
   1.1911912e-01   1.7982015e+01   1.9358427e+00
   1.2012012e-01   1.7918161e+01   1.9423367e+00
   1.2112112e-01   1.7843176e+01   1.9500292e+00
   1.2212212e-01   1.7757741e+01   1.9588852e+00
   1.2312312e-01   1.7672111e+01   1.9678641e+00
   1.2412412e-01   1.7586071e+01   1.9770909e+00
   1.2512513e-01   1.7499562e+01   1.9865982e+00
   1.2612613e-01   1.7412827e+01   1.9962347e+00
   1.2712713e-01   1.7325869e+01   2.0059966e+00
   1.2812813e-01   1.7238685e+01   2.0158801e+00
   1.2912913e-01   1.7161897e+01   2.0246615e+00
   1.3013013e-01   1.7096215e+01   2.0322272e+00
   1.3113113e-01   1.7019922e+01   2.0410753e+00
   1.3213213e-01   1.6931954e+01   2.0513543e+00
   1.3313313e-01   1.6843761e+01   2.0617378e+00
   1.3413413e-01   1.6755344e+01   2.0722221e+00
   1.3513514e-01   1.6666703e+01   2.0828033e+00
   1.3613614e-01   1.6577788e+01   2.0934582e+00
   1.3713714e-01   1.6498415e+01   2.1028421e+00
   1.3813814e-01   1.6431151e+01   2.1108368e+00
   1.3913914e-01   1.6353772e+01   2.1200850e+00
   1.4014014e-01   1.6263771e+01   2.1309153e+00
   1.4114114e-01   1.6183475e+01   2.1406488e+00
   1.4214214e-01   1.6115776e+01   2.1489104e+00
   1.4314314e-01   1.6048008e+01   2.1572337e+00
   1.4414414e-01   1.5980178e+01   2.1656203e+00
   1.4514515e-01   1.5912293e+01   2.1740718e+00
   1.4614615e-01   1.5844362e+01   2.1825898e+00
   1.4714715e-01   1.5776392e+01   2.1911759e+00
   1.4814815e-01   1.5708393e+01   2.1998317e+00
   1.4914915e-01   1.5631186e+01   2.2097426e+00
   1.5015015e-01   1.5540469e+01   2.2215057e+00
   1.5115115e-01   1.5459045e+01   2.2322158e+00
   1.5215215e-01   1.5391334e+01   2.2412183e+00
   1.5315315e-01   1.5323623e+01   2.2502995e+00
   1.5415415e-01   1.5255912e+01   2.2594611e+00
   1.5515516e-01   1.5188202e+01   2.2687046e+00
   1.5615616e-01   1.5120491e+01   2.2780318e+00
   1.5715716e-01   1.5052780e+01   2.2874441e+00
   1.5815816e-01   1.4985069e+01   2.2969432e+00
   1.5915916e-01   1.4909124e+01   2.3077027e+00
   1.6016016e-01   1.4818843e+01   2.3206410e+00
   1.6116116e-01   1.4736614e+01   2.3325679e+00
   1.6216216e-01   1.4668903e+01   2.3424934e+00
   1.6316316e-01   1.4609064e+01   2.3513448e+00
   1.6416416e-01   1.4563923e+01   2.3580722e+00
   1.6516517e-01   1.4511093e+01   2.3660010e+00
   1.6616617e-01   1.4443421e+01   2.3762598e+00
   1.6716717e-01   1.4376040e+01   2.3866779e+00
   1.6816817e-01   1.4308650e+01   2.3971970e+00
   1.6916917e-01   1.4248538e+01   2.4066631e+00
   1.7017017e-01   1.4203589e+01   2.4137920e+00
   1.7117117e-01   1.4151508e+01   2.4221054e+00
   1.7217217e-01   1.4084031e+01   2.4329609e+00
   1.7317317e-01   1.4016510e+01   2.4439174e+00
   1.7417417e-01   1.3948938e+01   2.4549749e+00
   1.7517518e-01   1.3888083e+01   2.4650112e+00
   1.7617618e-01   1.3842963e+01   2.4724995e+00
   1.7717718e-01   1.3791205e+01   2.4811381e+00
   1.7817818e-01   1.3723403e+01   2.4925320e+00
   1.7917918e-01   1.3655514e+01   2.5040268e+00
   1.8018018e-01   1.3587532e+01   2.5156227e+00
   1.8118118e-01   1.3525724e+01   2.5262377e+00
   1.8218218e-01   1.3480280e+01   2.5340856e+00
   1.8318318e-01   1.3428677e+01   2.5430406e+00
   1.8418418e-01   1.3360101e+01   2.5549507e+00
   1.8518519e-01   1.3290961e+01   2.5669182e+00
   1.8618619e-01   1.3221704e+01   2.5789888e+00
   1.8718719e-01   1.3158177e+01   2.5901362e+00
   1.8818819e-01   1.3111884e+01   2.5983061e+00
   1.8918919e-01   1.3059888e+01   2.6075304e+00
   1.9019019e-01   1.2990305e+01   2.6199561e+00
   1.9119119e-01   1.2920640e+01   2.6324918e+00
   1.9219219e-01   1.2850903e+01   2.6451391e+00
   1.9319319e-01   1.2786411e+01   2.6569253e+00
   1.9419419e-01   1.2739847e+01   2.6654903e+00
   1.9519520e-01   1.2693259e+01   2.6741067e+00
   1.9619620e-01   1.2646651e+01   2.6827751e+00
   1.9719720e-01   1.2600025e+01   2.6914959e+00
   1.9819820e-01   1.2553382e+01   2.7002695e+00
   1.9919920e-01   1.2501965e+01   2.7100001e+00
   2.0020020e-01   1.2431959e+01   2.7233500e+00
   2.0120120e-01   1.2366510e+01   2.7359389e+00
   2.0220220e-01   1.2319823e+01   2.7449844e+00
   2.0320320e-01   1.2273183e+01   2.7540757e+00
   2.0420420e-01   1.2226715e+01   2.7631890e+00
   2.0520521e-01   1.2180247e+01   2.7723596e+00
   2.0620621e-01   1.2133778e+01   2.7815884e+00
   2.0720721e-01   1.2087310e+01   2.7908764e+00
   2.0820821e-01   1.2040842e+01   2.8002245e+00
   2.0920921e-01   1.1990567e+01   2.8104071e+00
   2.1021021e-01   1.1920865e+01   2.8246451e+00
   2.1121121e-01   1.1854782e+01   2.8382757e+00
   2.1221221e-01   1.1808314e+01   2.8479389e+00
   2.1321321e-01   1.1761845e+01   2.8576679e+00
   2.1421421e-01   1.1715377e+01   2.8674636e+00
   2.1521522e-01   1.1668909e+01   2.8773270e+00
   2.1621622e-01   1.1622441e+01   2.8872591e+00
   2.1721722e-01   1.1572914e+01   2.8979217e+00
   2.1821822e-01   1.1503211e+01   2.9130639e+00
   2.1921922e-01   1.1436381e+01   2.9277343e+00
   2.2022022e-01   1.1389913e+01   2.9380241e+00
   2.2122122e-01   1.1343444e+01   2.9483884e+00
   2.2222222e-01   1.1296976e+01   2.9588279e+00
   2.2322322e-01   1.1250508e+01   2.9693437e+00
   2.2422422e-01   1.1204040e+01   2.9799367e+00
   2.2522523e-01   1.1155260e+01   2.9912230e+00
   2.2622623e-01   1.1085557e+01   3.0075812e+00
   2.2722723e-01   1.1020105e+01   3.0231009e+00
   2.2822823e-01   1.0996871e+01   3.0286468e+00
   2.2922923e-01   1.0971698e+01   3.0346769e+00
   2.3023023e-01   1.0925230e+01   3.0458674e+00
   2.3123123e-01   1.0878762e+01   3.0571338e+00
   2.3223223e-01   1.0832294e+01   3.0684757e+00
   2.3323323e-01   1.0785825e+01   3.0798925e+00
   2.3423423e-01   1.0739357e+01   3.0913838e+00
   2.3523524e-01   1.0692889e+01   3.1029491e+00
   2.3623624e-01   1.0646421e+01   3.1145879e+00
   2.3723724e-01   1.0599952e+01   3.1262998e+00
   2.3823824e-01   1.0553484e+01   3.1380843e+00
   2.3923924e-01   1.0507016e+01   3.1499409e+00
   2.4024024e-01   1.0460548e+01   3.1618692e+00
   2.4124124e-01   1.0414079e+01   3.1738686e+00
   2.4224224e-01   1.0367611e+01   3.1859387e+00
   2.4324324e-01   1.0321773e+01   3.1979139e+00
   2.4424424e-01   1.0298539e+01   3.2040098e+00
   2.4524525e-01   1.0274861e+01   3.2102399e+00
   2.4624625e-01   1.0228393e+01   3.2225190e+00
   2.4724725e-01   1.0181925e+01   3.2348669e+00
   2.4824825e-01   1.0135457e+01   3.2472831e+00
   2.4924925e-01   1.0088988e+01   3.2597671e+00
   2.5025025e-01   1.0042320e+01   3.2721588e+00
   2.5125125e-01   9.9956334e+00   3.2846020e+00
   2.5225225e-01   9.9489508e+00   3.2971153e+00
   2.5325325e-01   9.9022751e+00   3.3097001e+00
   2.5425425e-01   9.8556086e+00   3.3223577e+00
   2.5525526e-01   9.8089538e+00   3.3350897e+00
   2.5625626e-01   9.7623130e+00   3.3478973e+00
   2.5725726e-01   9.7156886e+00   3.3607821e+00
   2.5825826e-01   9.6690829e+00   3.3737455e+00
   2.5925926e-01   9.6224983e+00   3.3867889e+00
   2.6026026e-01   9.5983489e+00   3.3935851e+00
   2.6126126e-01   9.5750717e+00   3.4001585e+00
   2.6226226e-01   9.5295889e+00   3.4130681e+00
   2.6326326e-01   9.4830818e+00   3.4263597e+00
   2.6426426e-01   9.4366052e+00   3.4397370e+00
   2.6526527e-01   9.3901616e+00   3.4532013e+00
   2.6626627e-01   9.3437534e+00   3.4667542e+00
   2.6726727e-01   9.2973828e+00   3.4803971e+00
   2.6826827e-01   9.2510523e+00   3.4941313e+00
   2.6926927e-01   9.2047642e+00   3.5079583e+00
   2.7027027e-01   9.1798476e+00   3.5154458e+00
   2.7127127e-01   9.1567326e+00   3.5224201e+00
   2.7227227e-01   9.1125106e+00   3.5358399e+00
   2.7327327e-01   9.0663639e+00   3.5499534e+00
   2.7427427e-01   9.0202691e+00   3.5641654e+00
   2.7527528e-01   8.9742802e+00   3.5785083e+00
   2.7627628e-01   8.9490689e+00   3.5865068e+00
   2.7727728e-01   8.9261957e+00   3.5937948e+00
   2.7827828e-01   8.8829933e+00   3.6076414e+00
   2.7927928e-01   8.8373420e+00   3.6223885e+00
   2.8028028e-01   8.8118568e+00   3.6306731e+00
   2.8128128e-01   8.7890679e+00   3.6381128e+00
   2.8228228e-01   8.7463907e+00   3.6521255e+00
   2.8328328e-01   8.7009075e+00   3.6671753e+00
   2.8428428e-01   8.6554804e+00   3.6823260e+00
   2.8528529e-01   8.6101094e+00   3.6975777e+00
   2.8628629e-01   8.5842344e+00   3.7063295e+00
   2.8728729e-01   8.5615859e+00   3.7140221e+00
   2.8828829e-01   8.5197176e+00   3.7283219e+00
   2.8928929e-01   8.4745147e+00   3.7438762e+00
   2.9029029e-01   8.4483727e+00   3.7529266e+00
   2.9129129e-01   8.4258085e+00   3.7607709e+00
   2.9229229e-01   8.3844585e+00   3.7752242e+00
   2.9329329e-01   8.3394237e+00   3.7910811e+00
   2.9429429e-01   8.2944450e+00   3.8070390e+00
   2.9529530e-01   8.2495224e+00   3.8230979e+00
   2.9629630e-01   8.2230016e+00   3.8326354e+00
   2.9729730e-01   8.2005779e+00   3.8407326e+00
   2.9829830e-01   8.1600257e+00   3.8554531e+00
   2.9929930e-01   8.1152712e+00   3.8718145e+00
   3.0030030e-01   8.0884904e+00   3.8816633e+00
   3.0130130e-01   8.0661510e+00   3.8899122e+00
   3.0230230e-01   8.0261099e+00   3.9047736e+00
   3.0330330e-01   7.9815236e+00   3.9214377e+00
   3.0430430e-01   7.9369933e+00   3.9382027e+00
   3.0530531e-01   7.8925191e+00   3.9550687e+00
   3.0630631e-01   7.8653706e+00   3.9654245e+00
   3.0730731e-01   7.8431717e+00   3.9739262e+00
   3.0830831e-01   7.8039174e+00   3.9890349e+00
   3.0930931e-01   7.7596113e+00   4.0062035e+00
   3.1031031e-01   7.7322098e+00   4.0168832e+00
   3.1131131e-01   7.7100952e+00   4.0255366e+00
   3.1231231e-01   7.6713451e+00   4.0407737e+00
   3.1331331e-01   7.6272072e+00   4.0582449e+00
   3.1431431e-01   7.5831253e+00   4.0758171e+00
   3.1531532e-01   7.5390996e+00   4.0934902e+00
   3.1631632e-01   7.5113414e+00   4.1046967e+00
   3.1731732e-01   7.4893672e+00   4.1136031e+00
   3.1831832e-01   7.4513928e+00   4.1290675e+00
   3.1931932e-01   7.4075352e+00   4.1470432e+00
   3.2032032e-01   7.3795310e+00   4.1585862e+00
   3.2132132e-01   7.3576411e+00   4.1676442e+00
   3.2232232e-01   7.3357653e+00   4.1767275e+00
   3.2332332e-01   7.3139035e+00   4.1858360e+00
   3.2432432e-01   7.2766500e+00   4.2014291e+00
   3.2532533e-01   7.2330163e+00   4.2198080e+00
   3.2632633e-01   7.2046298e+00   4.2318317e+00
   3.2732733e-01   7.1828523e+00   4.2410919e+00
   3.2832833e-01   7.1460922e+00   4.2567939e+00
   3.2932933e-01   7.1026266e+00   4.2754754e+00
   3.3033033e-01   7.0740006e+00   4.2878473e+00
   3.3133133e-01   7.0523074e+00   4.2972592e+00
   3.3233233e-01   7.0160380e+00   4.3130653e+00
   3.3333333e-01   6.9727406e+00   4.3320494e+00
   3.3433433e-01   6.9438778e+00   4.3447743e+00
   3.3533534e-01   6.9222688e+00   4.3543379e+00
   3.3633634e-01   6.9006739e+00   4.3639268e+00
   3.3733734e-01   6.8790879e+00   4.3735389e+00
   3.3833834e-01   6.8433440e+00   4.3893772e+00
   3.3933934e-01   6.8000515e+00   4.4086768e+00
   3.4034034e-01   6.7706731e+00   4.4218475e+00
   3.4134134e-01   6.7490704e+00   4.4315708e+00
   3.4234234e-01   6.7138238e+00   4.4475066e+00
   3.4334334e-01   6.6707196e+00   4.4671169e+00
   3.4434434e-01   6.6411272e+00   4.4806590e+00
   3.4534535e-01   6.6196241e+00   4.4905401e+00
   3.4634635e-01   6.5981385e+00   4.5004480e+00
   3.4734735e-01   6.5766708e+00   4.5103826e+00
   3.4834835e-01   6.5421667e+00   4.5264245e+00
   3.4934935e-01   6.4993465e+00   4.5464619e+00
   3.5035035e-01   6.4694395e+00   4.5605430e+00
   3.5135135e-01   6.4480856e+00   4.5706412e+00
   3.5235235e-01   6.4141110e+00   4.5867843e+00
   3.5335335e-01   6.3715287e+00   4.6071523e+00
   3.5435435e-01   6.3414509e+00   4.6216311e+00
   3.5535536e-01   6.3202215e+00   4.6318970e+00
   3.5635636e-01   6.2990138e+00   4.6421913e+00
   3.5735736e-01   6.2778282e+00   4.6525140e+00
   3.5835836e-01   6.2446364e+00   4.6687664e+00
   3.5935936e-01   6.2024043e+00   4.6895880e+00
   3.6036036e-01   6.1720720e+00   4.7046429e+00
   3.6136136e-01   6.1510251e+00   4.7151391e+00
   3.6236236e-01   6.1183922e+00   4.7314953e+00
   3.6336336e-01   6.0764477e+00   4.7526673e+00
   3.6436436e-01   6.0459904e+00   4.7681475e+00
   3.6536537e-01   6.0250930e+00   4.7788215e+00
   3.6636637e-01   6.0042215e+00   4.7895254e+00
   3.6736737e-01   5.9833761e+00   4.8002595e+00
   3.6836837e-01   5.9515624e+00   4.8167266e+00
   3.6936937e-01   5.9100342e+00   4.8383787e+00
   3.7037037e-01   5.8793866e+00   4.8544735e+00
   3.7137137e-01   5.8587049e+00   4.8654599e+00
   3.7237237e-01   5.8274765e+00   4.8821656e+00
   3.7337337e-01   5.7862855e+00   4.9043623e+00
   3.7437437e-01   5.7555620e+00   4.9210390e+00
   3.7537538e-01   5.7350547e+00   4.9322281e+00
   3.7637638e-01   5.7145776e+00   4.9434473e+00
   3.7737738e-01   5.6941307e+00   4.9546964e+00
   3.7837838e-01   5.6637537e+00   4.9714952e+00
   3.7937938e-01   5.6230452e+00   4.9941708e+00
   3.8038038e-01   5.5921995e+00   5.0114785e+00
   3.8138138e-01   5.5719413e+00   5.0229049e+00
   3.8238238e-01   5.5517156e+00   5.0343605e+00
   3.8338338e-01   5.5315226e+00   5.0458451e+00
   3.8438438e-01   5.5113626e+00   5.0573585e+00
   3.8538539e-01   5.4912360e+00   5.0689006e+00
   3.8638639e-01   5.4619862e+00   5.0857605e+00
   3.8738739e-01   5.4219336e+00   5.1090134e+00
   3.8838839e-01   5.3909529e+00   5.1271326e+00
   3.8938939e-01   5.3710327e+00   5.1388451e+00
   3.9039039e-01   5.3511480e+00   5.1505854e+00
   3.9139139e-01   5.3312989e+00   5.1623535e+00
   3.9239239e-01   5.3029347e+00   5.1792555e+00
   3.9339339e-01   5.2634495e+00   5.2029534e+00
   3.9439439e-01   5.2324417e+00   5.2217028e+00
   3.9539540e-01   5.2128134e+00   5.2336355e+00
   3.9639640e-01   5.1932228e+00   5.2455951e+00
   3.9739740e-01   5.1736704e+00   5.2575816e+00
   3.9839840e-01   5.1462049e+00   5.2745043e+00
   3.9939940e-01   5.1073249e+00   5.2986320e+00
   4.0040040e-01   5.0763341e+00   5.3180101e+00
   4.0140140e-01   5.0570167e+00   5.3301554e+00
   4.0240240e-01   5.0377394e+00   5.3423267e+00
   4.0340340e-01   5.0185025e+00   5.3545239e+00
   4.0440440e-01   4.9993064e+00   5.3667470e+00
   4.0540541e-01   4.9801514e+00   5.3789956e+00
   4.0640641e-01   4.9538639e+00   5.3958901e+00
   4.0740741e-01   4.9159853e+00   5.4205721e+00
   4.0840841e-01   4.8854016e+00   5.4408298e+00
   4.0940941e-01   4.8667180e+00   5.4532738e+00
   4.1041041e-01   4.8480753e+00   5.4657423e+00
   4.1141141e-01   4.8294735e+00   5.4782350e+00
   4.1241241e-01   4.8043925e+00   5.4951601e+00
   4.1341341e-01   4.7674178e+00   5.5202808e+00
   4.1441441e-01   4.7369171e+00   5.5411544e+00
   4.1541542e-01   4.7185538e+00   5.5537874e+00
   4.1641642e-01   4.7002292e+00   5.5664428e+00
   4.1741742e-01   4.6819429e+00   5.5791206e+00
   4.1841842e-01   4.6577242e+00   5.5959862e+00
   4.1941942e-01   4.6213654e+00   5.6214651e+00
   4.2042042e-01   4.5909315e+00   5.6429384e+00
   4.2142142e-01   4.5728696e+00   5.6557450e+00
   4.2242242e-01   4.5548439e+00   5.6685723e+00
   4.2342342e-01   4.5368543e+00   5.6814200e+00
   4.2442442e-01   4.5189003e+00   5.6942878e+00
   4.2542543e-01   4.5009818e+00   5.7071755e+00
   4.2642643e-01   4.4778209e+00   5.7239005e+00
   4.2742743e-01   4.4421786e+00   5.7497847e+00
   4.2842843e-01   4.4117673e+00   5.7720090e+00
   4.2942943e-01   4.3940552e+00   5.7850113e+00
   4.3043043e-01   4.3763765e+00   5.7980319e+00
   4.3143143e-01   4.3587308e+00   5.8110705e+00
   4.3243243e-01   4.3363441e+00   5.8276729e+00
   4.3343343e-01   4.3012327e+00   5.8538474e+00
   4.3443443e-01   4.2708471e+00   5.8766310e+00
   4.3543544e-01   4.2533936e+00   5.8897729e+00
   4.3643644e-01   4.2359711e+00   5.9029310e+00
   4.3743744e-01   4.2185793e+00   5.9161053e+00
   4.3843844e-01   4.2012178e+00   5.9292955e+00
   4.3943944e-01   4.1838864e+00   5.9425013e+00
   4.4044044e-01   4.1624507e+00   5.9588872e+00
   4.4144144e-01   4.1279494e+00   5.9853820e+00
   4.4244244e-01   4.0975319e+00   6.0088634e+00
   4.4344344e-01   4.0803153e+00   6.0221248e+00
   4.4444444e-01   4.0629099e+00   6.0352788e+00
   4.4544545e-01   4.0455331e+00   6.0484470e+00
   4.4644645e-01   4.0244581e+00   6.0644668e+00
   4.4744745e-01   3.9898644e+00   6.0908824e+00
   4.4844845e-01   3.9589552e+00   6.1146144e+00
   4.4944945e-01   3.9417596e+00   6.1278720e+00
   4.5045045e-01   3.9245957e+00   6.1411450e+00
   4.5145145e-01   3.9074639e+00   6.1544337e+00
   4.5245245e-01   3.8903647e+00   6.1677382e+00
   4.5345345e-01   3.8732986e+00   6.1810587e+00
   4.5445445e-01   3.8531541e+00   6.1968367e+00
   4.5545546e-01   3.8192037e+00   6.2235656e+00
   4.5645646e-01   3.7883435e+00   6.2480159e+00
   4.5745746e-01   3.7714853e+00   6.2614365e+00
   4.5845846e-01   3.7546632e+00   6.2748743e+00
   4.5945946e-01   3.7378777e+00   6.2883296e+00
   4.6046046e-01   3.7184732e+00   6.3039435e+00
   4.6146146e-01   3.6851013e+00   6.3309487e+00
   4.6246246e-01   3.6543817e+00   6.3559829e+00
   4.6346346e-01   3.6378255e+00   6.3695468e+00
   4.6446446e-01   3.6213090e+00   6.3831293e+00
   4.6546547e-01   3.6048327e+00   6.3967307e+00
   4.6646647e-01   3.5883970e+00   6.4103512e+00
   4.6746747e-01   3.5720024e+00   6.4239909e+00
   4.6846847e-01   3.5535813e+00   6.4393810e+00
   4.6946947e-01   3.5210121e+00   6.4667632e+00
   4.7047047e-01   3.4905306e+00   6.4925945e+00
   4.7147147e-01   3.4743919e+00   6.5063534e+00
   4.7247247e-01   3.4582975e+00   6.5201329e+00
   4.7347347e-01   3.4422476e+00   6.5339329e+00
   4.7447447e-01   3.4262428e+00   6.5477538e+00
   4.7547548e-01   3.4102836e+00   6.5615957e+00
   4.7647648e-01   3.3928692e+00   6.5767696e+00
   4.7747748e-01   3.3611910e+00   6.6045641e+00
   4.7847848e-01   3.3310590e+00   6.6312389e+00
   4.7947948e-01   3.3153825e+00   6.6452107e+00
   4.8048048e-01   3.2997546e+00   6.6592048e+00
   4.8148148e-01   3.2843610e+00   6.6732420e+00
   4.8248248e-01   3.2679535e+00   6.6882933e+00
   4.8348348e-01   3.2374455e+00   6.7164871e+00
   4.8448448e-01   3.2080740e+00   6.7438899e+00
   4.8548549e-01   3.1929873e+00   6.7580658e+00
   4.8648649e-01   3.1779492e+00   6.7722651e+00
   4.8748749e-01   3.1629594e+00   6.7864877e+00
   4.8848849e-01   3.1480179e+00   6.8007338e+00
   4.8948949e-01   3.1331246e+00   6.8150035e+00
   4.9049049e-01   3.1177135e+00   6.8298433e+00
   4.9149149e-01   3.0881708e+00   6.8585038e+00
   4.9249249e-01   3.0592607e+00   6.8868264e+00
   4.9349349e-01   3.0446552e+00   6.9012406e+00
   4.9449449e-01   3.0300973e+00   6.9156792e+00
   4.9549550e-01   3.0155869e+00   6.9301423e+00
   4.9649650e-01   3.0011239e+00   6.9446302e+00
   4.9749750e-01   2.9867082e+00   6.9591429e+00
   4.9849850e-01   2.9722533e+00   6.9737682e+00
   4.9949950e-01   2.9436583e+00   7.0029189e+00
   5.0050050e-01   2.9152512e+00   7.0321708e+00
   5.0150150e-01   2.9010895e+00   7.0468645e+00
   5.0250250e-01   2.8870030e+00   7.0615543e+00
   5.0350350e-01   2.8729630e+00   7.0762699e+00
   5.0450450e-01   2.8589696e+00   7.0910114e+00
   5.0550551e-01   2.8313731e+00   7.1203046e+00
   5.0650651e-01   2.8037088e+00   7.1499697e+00
   5.0750751e-01   2.7895868e+00   7.1652308e+00
   5.0850851e-01   2.7758710e+00   7.1801302e+00
   5.0950951e-01   2.7622011e+00   7.1950564e+00
   5.1051051e-01   2.7485770e+00   7.2100094e+00
   5.1151151e-01   2.7220363e+00   7.2393623e+00
   5.1251251e-01   2.6951035e+00   7.2694556e+00
   5.1351351e-01   2.6810331e+00   7.2853022e+00
   5.1451451e-01   2.6676824e+00   7.3004189e+00
   5.1551552e-01   2.6543768e+00   7.3155632e+00
   5.1651652e-01   2.6411164e+00   7.3307352e+00
   5.1751752e-01   2.6155834e+00   7.3603060e+00
   5.1851852e-01   2.5893047e+00   7.3913718e+00
   5.1951952e-01   2.5752622e+00   7.4081040e+00
   5.2052052e-01   2.5622384e+00   7.4237048e+00
   5.2152152e-01   2.5492595e+00   7.4393309e+00
   5.2252252e-01   2.5363254e+00   7.4549818e+00
   5.2352352e-01   2.5117520e+00   7.4849342e+00
   5.2452452e-01   2.4861900e+00   7.5163952e+00
   5.2552553e-01   2.4722265e+00   7.5337124e+00
   5.2652653e-01   2.4595622e+00   7.5494992e+00
   5.2752753e-01   2.4469427e+00   7.5653065e+00
   5.2852853e-01   2.4343681e+00   7.5811337e+00
   5.2952953e-01   2.4107818e+00   7.6110270e+00
   5.3053053e-01   2.3859365e+00   7.6428077e+00
   5.3153153e-01   2.3720694e+00   7.6606766e+00
   5.3253253e-01   2.3597645e+00   7.6766112e+00
   5.3353353e-01   2.3475045e+00   7.6925617e+00
   5.3453453e-01   2.3352893e+00   7.7085274e+00
   5.3553554e-01   2.3126728e+00   7.7382828e+00
   5.3653654e-01   2.2885443e+00   7.7703076e+00
   5.3753754e-01   2.2747908e+00   7.7886920e+00
   5.3853854e-01   2.2628453e+00   7.8047366e+00
   5.3953954e-01   2.2509447e+00   7.8207922e+00
   5.4054054e-01   2.2390891e+00   7.8368583e+00
   5.4154154e-01   2.2174250e+00   7.8663999e+00
   5.4254254e-01   2.1940132e+00   7.8985932e+00
   5.4354354e-01   2.1803906e+00   7.9174544e+00
   5.4454454e-01   2.1688046e+00   7.9335708e+00
   5.4554555e-01   2.1572635e+00   7.9496936e+00
   5.4654655e-01   2.1457673e+00   7.9658221e+00
   5.4754755e-01   2.1250384e+00   7.9950767e+00
   5.4854855e-01   2.1023433e+00   8.0273629e+00
   5.4954955e-01   2.0888690e+00   8.0466592e+00
   5.5055055e-01   2.0776425e+00   8.0628095e+00
   5.5155155e-01   2.0664608e+00   8.0789614e+00
   5.5255255e-01   2.0553241e+00   8.0951143e+00
   5.5355355e-01   2.0442444e+00   8.1112675e+00
   5.5455455e-01   2.0332306e+00   8.1274205e+00
   5.5555556e-01   2.0137268e+00   8.1561850e+00
   5.5655656e-01   1.9919921e+00   8.1884811e+00
   5.5755756e-01   1.9787445e+00   8.2082912e+00
   5.5855856e-01   1.9679983e+00   8.2244304e+00
   5.5955956e-01   1.9491409e+00   8.2529023e+00
   5.6056056e-01   1.9279366e+00   8.2851476e+00
   5.6156156e-01   1.9148443e+00   8.3051785e+00
   5.6256256e-01   1.9043625e+00   8.3212826e+00
   5.6356356e-01   1.8861374e+00   8.3494249e+00
   5.6456456e-01   1.8654570e+00   8.3815769e+00
   5.6556557e-01   1.8525247e+00   8.4018008e+00
   5.6656657e-01   1.8423040e+00   8.4178483e+00
   5.6756757e-01   1.8321266e+00   8.4338842e+00
   5.6856857e-01   1.8219921e+00   8.4499080e+00
   5.6956957e-01   1.8046151e+00   8.4775130e+00
   5.7057057e-01   1.7846228e+00   8.5094745e+00
   5.7157157e-01   1.7718835e+00   8.5299534e+00
   5.7257257e-01   1.7620060e+00   8.5458921e+00
   5.7357357e-01   1.7452281e+00   8.5730862e+00
   5.7457457e-01   1.7257449e+00   8.6048551e+00
   5.7557558e-01   1.7131760e+00   8.6254577e+00
   5.7657658e-01   1.7035523e+00   8.6412899e+00
   5.7757758e-01   1.6873598e+00   8.6680399e+00
   5.7857858e-01   1.6683792e+00   8.6995736e+00
   5.7957958e-01   1.6559848e+00   8.7202684e+00
   5.8058058e-01   1.6466115e+00   8.7359727e+00
   5.8158158e-01   1.6372796e+00   8.7516537e+00
   5.8258258e-01   1.6279890e+00   8.7673107e+00
   5.8358358e-01   1.6125807e+00   8.7933770e+00
   5.8458458e-01   1.5942599e+00   8.8245312e+00
   5.8558559e-01   1.5820793e+00   8.8453403e+00
   5.8658659e-01   1.5730349e+00   8.8607744e+00
   5.8758759e-01   1.5581802e+00   8.8852283e+00
   5.8858859e-01   1.5403472e+00   8.9147344e+00
   5.8958959e-01   1.5283502e+00   8.9346820e+00
   5.9059059e-01   1.5195488e+00   8.9493690e+00
   5.9159159e-01   1.5052347e+00   8.9733551e+00
   5.9259259e-01   1.4878830e+00   9.0026067e+00
   5.9359359e-01   1.4760731e+00   9.0226325e+00
   5.9459459e-01   1.4675115e+00   9.0372123e+00
   5.9559560e-01   1.4589895e+00   9.0517783e+00
   5.9659660e-01   1.4505071e+00   9.0663319e+00
   5.9759760e-01   1.4369158e+00   9.0897697e+00
   5.9859860e-01   1.4201956e+00   9.1188145e+00
   5.9959960e-01   1.4086178e+00   9.1390702e+00
   6.0060060e-01   1.4003708e+00   9.1535736e+00
   6.0160160e-01   1.3872893e+00   9.1767125e+00
   6.0260260e-01   1.3710356e+00   9.2057013e+00
   6.0360360e-01   1.3596530e+00   9.2261678e+00
   6.0460460e-01   1.3516383e+00   9.2406639e+00
   6.0560561e-01   1.3390541e+00   9.2635725e+00
   6.0660661e-01   1.3232605e+00   9.2925905e+00
   6.0760761e-01   1.3120758e+00   9.3133284e+00
   6.0860861e-01   1.3042903e+00   9.3278598e+00
   6.0960961e-01   1.2965425e+00   9.3424013e+00
   6.1061061e-01   1.2888325e+00   9.3569541e+00
   6.1161161e-01   1.2769123e+00   9.3796200e+00
   6.1261261e-01   1.2617218e+00   9.4088092e+00
   6.1361361e-01   1.2507851e+00   9.4300454e+00
   6.1461461e-01   1.2432999e+00   9.4446907e+00
   6.1561562e-01   1.2318475e+00   9.4672785e+00
   6.1661662e-01   1.2171022e+00   9.4966954e+00
   6.1761762e-01   1.2025040e+00   9.5262072e+00
   6.1861862e-01   1.1880603e+00   9.5561447e+00
   6.1961962e-01   1.1775184e+00   9.5793841e+00
   6.2062062e-01   1.1704228e+00   9.5951571e+00
   6.2162162e-01   1.1597376e+00   9.6191090e+00
   6.2262262e-01   1.1457630e+00   9.6507965e+00
   6.2362362e-01   1.1354274e+00   9.6744966e+00
   6.2462462e-01   1.1285462e+00   9.6904001e+00
   6.2562563e-01   1.1182937e+00   9.7142800e+00
   6.2662663e-01   1.1047413e+00   9.7461850e+00
   6.2762763e-01   1.0946109e+00   9.7702860e+00
   6.2862863e-01   1.0879387e+00   9.7862772e+00
   6.2962963e-01   1.0781042e+00   9.8100177e+00
   6.3063063e-01   1.0649633e+00   9.8420552e+00
   6.3163163e-01   1.0519576e+00   9.8741178e+00
   6.3263263e-01   1.0390856e+00   9.9061962e+00
   6.3363363e-01   1.0293112e+00   9.9307837e+00
   6.3463463e-01   1.0229756e+00   9.9468260e+00
   6.3563564e-01   1.0137888e+00   9.9702335e+00
   6.3663664e-01   1.0013107e+00   1.0002302e+01
   6.3763764e-01   9.9173671e-01   1.0027121e+01
   6.3863864e-01   9.8559581e-01   1.0043137e+01
   6.3963964e-01   9.7678937e-01   1.0066236e+01
   6.4064064e-01   9.6469443e-01   1.0098210e+01
   6.4164164e-01   9.5531881e-01   1.0123192e+01
   6.4264264e-01   9.4936730e-01   1.0139139e+01
   6.4364364e-01   9.4092736e-01   1.0161869e+01
   6.4464464e-01   9.2920498e-01   1.0193663e+01
   6.4564565e-01   9.1760459e-01   1.0225379e+01
   6.4664665e-01   9.0612500e-01   1.0257006e+01
   6.4764765e-01   8.9709009e-01   1.0282063e+01
   6.4864865e-01   8.9144243e-01   1.0297799e+01
   6.4964965e-01   8.8353585e-01   1.0319179e+01
   6.5065065e-01   8.7234506e-01   1.0349164e+01
   6.5165165e-01   8.6344904e-01   1.0373151e+01
   6.5265265e-01   8.5794447e-01   1.0388063e+01
   6.5365365e-01   8.5035818e-01   1.0408704e+01
   6.5465465e-01   8.3951686e-01   1.0438388e+01
   6.5565566e-01   8.3081432e-01   1.0462382e+01
   6.5665666e-01   8.2548384e-01   1.0477154e+01
   6.5765766e-01   8.1822328e-01   1.0497370e+01
   6.5865866e-01   8.0772717e-01   1.0526796e+01
   6.5965966e-01   7.9734535e-01   1.0556145e+01
   6.6066066e-01   7.8707733e-01   1.0585423e+01
   6.6166166e-01   7.7871570e-01   1.0609456e+01
   6.6266266e-01   7.7367071e-01   1.0624043e+01
   6.6366366e-01   7.6692095e-01   1.0643663e+01
   6.6466466e-01   7.5699105e-01   1.0672753e+01
   6.6566567e-01   7.4717306e-01   1.0701790e+01
   6.6666667e-01   7.3746650e-01   1.0730779e+01
   6.6766767e-01   7.2944968e-01   1.0754941e+01
   6.6866867e-01   7.2468422e-01   1.0769402e+01
   6.6966967e-01   7.1842371e-01   1.0788514e+01
   6.7067067e-01   7.0904817e-01   1.0817386e+01
   6.7167167e-01   6.9978217e-01   1.0846229e+01
   6.7267267e-01   6.9062524e-01   1.0875047e+01
   6.7367367e-01   6.8157690e-01   1.0903846e+01
   6.7467467e-01   6.7263668e-01   1.0932629e+01
   6.7567568e-01   6.6511551e-01   1.0957109e+01
   6.7667668e-01   6.6073145e-01   1.0971493e+01
   6.7767768e-01   6.5511355e-01   1.0990054e+01
   6.7867868e-01   6.4654799e-01   1.1019535e+01
   6.7967968e-01   6.3810082e-01   1.1049182e+01
   6.8068068e-01   6.2975810e-01   1.1078820e+01
   6.8168168e-01   6.2151866e-01   1.1108445e+01
   6.8268268e-01   6.1338132e-01   1.1138052e+01
   6.8368368e-01   6.0640927e-01   1.1163698e+01
   6.8468468e-01   6.0242190e-01   1.1178482e+01
   6.8568569e-01   5.9743986e-01   1.1197074e+01
   6.8668669e-01   5.8960128e-01   1.1226599e+01
   6.8768769e-01   5.8186005e-01   1.1256086e+01
   6.8868869e-01   5.7421499e-01   1.1285532e+01
   6.8968969e-01   5.6757425e-01   1.1311373e+01
   6.9069069e-01   5.6382880e-01   1.1326057e+01
   6.9169169e-01   5.5923842e-01   1.1344161e+01
   6.9269269e-01   5.5187438e-01   1.1373453e+01
   6.9369369e-01   5.4460177e-01   1.1402685e+01
   6.9469469e-01   5.3741940e-01   1.1431851e+01
   6.9569570e-01   5.3032609e-01   1.1460947e+01
   6.9669670e-01   5.2332066e-01   1.1489968e+01
   6.9769770e-01   5.1712451e-01   1.1515874e+01
   6.9869870e-01   5.1369280e-01   1.1530317e+01
   6.9969970e-01   5.0959597e-01   1.1547650e+01
   7.0070070e-01   5.0284670e-01   1.1576418e+01
   7.0170170e-01   4.9618057e-01   1.1605093e+01
   7.0270270e-01   4.8959639e-01   1.1633668e+01
   7.0370370e-01   4.8309298e-01   1.1662140e+01
   7.0470470e-01   4.7666442e-01   1.1690386e+01
   7.0570571e-01   4.7084804e-01   1.1715325e+01
   7.0670671e-01   4.6768338e-01   1.1728974e+01
   7.0770771e-01   4.6400573e-01   1.1744907e+01
   7.0870871e-01   4.5777914e-01   1.1772067e+01
   7.0970971e-01   4.5162857e-01   1.1799130e+01
   7.1071071e-01   4.4555323e-01   1.1826099e+01
   7.1171171e-01   4.3955230e-01   1.1852981e+01
   7.1271271e-01   4.3362499e-01   1.1879780e+01
   7.1371371e-01   4.2777047e-01   1.1906501e+01
   7.1471471e-01   4.2198796e-01   1.1933148e+01
   7.1571572e-01   4.1627664e-01   1.1959725e+01
   7.1671672e-01   4.1063570e-01   1.1986239e+01
   7.1771772e-01   4.0506434e-01   1.2012693e+01
   7.1871872e-01   3.9956175e-01   1.2039093e+01
   7.1971972e-01   3.9412713e-01   1.2065443e+01
   7.2072072e-01   3.8875967e-01   1.2091747e+01
   7.2172172e-01   3.8375782e-01   1.2116521e+01
   7.2272272e-01   3.8113004e-01   1.2129640e+01
   7.2372372e-01   3.7824393e-01   1.2144134e+01
   7.2472472e-01   3.7307285e-01   1.2170331e+01
   7.2572573e-01   3.6796572e-01   1.2196502e+01
   7.2672673e-01   3.6292171e-01   1.2222652e+01
   7.2772773e-01   3.5794004e-01   1.2248785e+01
   7.2872873e-01   3.5301988e-01   1.2274905e+01
   7.2972973e-01   3.4816044e-01   1.2301019e+01
   7.3073073e-01   3.4334554e-01   1.2327335e+01
   7.3173173e-01   3.3857210e-01   1.2353888e+01
   7.3273273e-01   3.3385747e-01   1.2380441e+01
   7.3373373e-01   3.2920121e-01   1.2406994e+01
   7.3473473e-01   3.2460286e-01   1.2433548e+01
   7.3573574e-01   3.2006197e-01   1.2460101e+01
   7.3673674e-01   3.1557810e-01   1.2486654e+01
   7.3773774e-01   3.1115079e-01   1.2513208e+01
   7.3873874e-01   3.0677959e-01   1.2539761e+01
   7.3973974e-01   3.0255241e-01   1.2565767e+01
   7.4074074e-01   3.0041481e-01   1.2579044e+01
   7.4174174e-01   2.9822075e-01   1.2592761e+01
   7.4274274e-01   2.9401497e-01   1.2619314e+01
   7.4374374e-01   2.8986350e-01   1.2645867e+01
   7.4474474e-01   2.8576589e-01   1.2672421e+01
   7.4574575e-01   2.8172170e-01   1.2698974e+01
   7.4674675e-01   2.7773046e-01   1.2725527e+01
   7.4774775e-01   2.7379174e-01   1.2752080e+01
   7.4874875e-01   2.6990507e-01   1.2778634e+01
   7.4974975e-01   2.6607001e-01   1.2805187e+01
   7.5075075e-01   2.6228612e-01   1.2831740e+01
   7.5175175e-01   2.5855293e-01   1.2858294e+01
   7.5275275e-01   2.5486999e-01   1.2884847e+01
   7.5375375e-01   2.5123687e-01   1.2911400e+01
   7.5475475e-01   2.4765310e-01   1.2937953e+01
   7.5575576e-01   2.4412880e-01   1.2964507e+01
   7.5675676e-01   2.4065554e-01   1.2991060e+01
   7.5775776e-01   2.3723003e-01   1.3017613e+01
   7.5875876e-01   2.3385168e-01   1.3044167e+01
   7.5975976e-01   2.3051989e-01   1.3070720e+01
   7.6076076e-01   2.2723408e-01   1.3097273e+01
   7.6176176e-01   2.2399364e-01   1.3123826e+01
   7.6276276e-01   2.2079799e-01   1.3150380e+01
   7.6376376e-01   2.1764653e-01   1.3176933e+01
   7.6476476e-01   2.1453867e-01   1.3203486e+01
   7.6576577e-01   2.1147381e-01   1.3230040e+01
   7.6676677e-01   2.0705026e-01   1.3269029e+01
   7.6776777e-01   2.0262380e-01   1.3308859e+01
   7.6876877e-01   1.9962104e-01   1.3336360e+01
   7.6976977e-01   1.9676249e-01   1.3362913e+01
   7.7077077e-01   1.9394339e-01   1.3389466e+01
   7.7177177e-01   1.9116314e-01   1.3416019e+01
   7.7277277e-01   1.8842116e-01   1.3442573e+01
   7.7377377e-01   1.8571684e-01   1.3469126e+01
   7.7477477e-01   1.8304960e-01   1.3495679e+01
   7.7577578e-01   1.8041884e-01   1.3522233e+01
   7.7677678e-01   1.7782398e-01   1.3548786e+01
   7.7777778e-01   1.7526106e-01   1.3575339e+01
   7.7877878e-01   1.7271192e-01   1.3601892e+01
   7.7977978e-01   1.7019719e-01   1.3628446e+01
   7.8078078e-01   1.6771654e-01   1.3654999e+01
   7.8178178e-01   1.6526964e-01   1.3681552e+01
   7.8278278e-01   1.6285614e-01   1.3708106e+01
   7.8378378e-01   1.6047573e-01   1.3734659e+01
   7.8478478e-01   1.5812807e-01   1.3761212e+01
   7.8578579e-01   1.5581283e-01   1.3787765e+01
   7.8678679e-01   1.5352967e-01   1.3814319e+01
   7.8778779e-01   1.5127827e-01   1.3840872e+01
   7.8878879e-01   1.4905829e-01   1.3867425e+01
   7.8978979e-01   1.4686939e-01   1.3893979e+01
   7.9079079e-01   1.4471126e-01   1.3920532e+01
   7.9179179e-01   1.4258355e-01   1.3947085e+01
   7.9279279e-01   1.3962195e-01   1.3984687e+01
   7.9379379e-01   1.3654960e-01   1.4024517e+01
   7.9479479e-01   1.3436232e-01   1.4053405e+01
   7.9579580e-01   1.3238187e-01   1.4079958e+01
   7.9679680e-01   1.3042986e-01   1.4106512e+01
   7.9779780e-01   1.2850595e-01   1.4133065e+01
   7.9879880e-01   1.2660981e-01   1.4159618e+01
   7.9979980e-01   1.2474110e-01   1.4186171e+01
   8.0080080e-01   1.2290056e-01   1.4212937e+01
   8.0180180e-01   1.2108794e-01   1.4239930e+01
   8.0280280e-01   1.1860163e-01   1.4277600e+01
   8.0380380e-01   1.1598630e-01   1.4318046e+01
   8.0480480e-01   1.1409111e-01   1.4347894e+01
   8.0580581e-01   1.1240705e-01   1.4374805e+01
   8.0680681e-01   1.1074762e-01   1.4401685e+01
   8.0780781e-01   1.0911247e-01   1.4428530e+01
   8.0880881e-01   1.0750122e-01   1.4455334e+01
   8.0980981e-01   1.0591354e-01   1.4482093e+01
   8.1081081e-01   1.0434905e-01   1.4508803e+01
   8.1181181e-01   1.0280742e-01   1.4535458e+01
   8.1281281e-01   1.0072301e-01   1.4572034e+01
   8.1381381e-01   9.8497981e-02   1.4611768e+01
   8.1481481e-01   9.6856444e-02   1.4641545e+01
   8.1581582e-01   9.5423797e-02   1.4667856e+01
   8.1681682e-01   9.4011862e-02   1.4694085e+01
   8.1781782e-01   9.2620283e-02   1.4720226e+01
   8.1881882e-01   9.1248705e-02   1.4746274e+01
   8.1981982e-01   8.9896772e-02   1.4772225e+01
   8.2082082e-01   8.8564129e-02   1.4798075e+01
   8.2182182e-01   8.7250419e-02   1.4823817e+01
   8.2282282e-01   8.5480680e-02   1.4857498e+01
   8.2382382e-01   8.3558840e-02   1.4894361e+01
   8.2482482e-01   8.2115095e-02   1.4922428e+01
   8.2582583e-01   8.0876860e-02   1.4946770e+01
   8.2682683e-01   7.9656224e-02   1.4971022e+01
   8.2782783e-01   7.8452999e-02   1.4995190e+01
   8.2882883e-01   7.6863284e-02   1.5027541e+01
   8.2982983e-01   7.5124840e-02   1.5063497e+01
   8.3083083e-01   7.3805871e-02   1.5091208e+01
   8.3183183e-01   7.2686916e-02   1.5115024e+01
   8.3283283e-01   7.1584232e-02   1.5138784e+01
   8.3383383e-01   7.0497630e-02   1.5162492e+01
   8.3483483e-01   6.9075286e-02   1.5193993e+01
   8.3583584e-01   6.7506327e-02   1.5229390e+01
   8.3683684e-01   6.6304153e-02   1.5257003e+01
   8.3783784e-01   6.5295173e-02   1.5280526e+01
   8.3883884e-01   6.4301135e-02   1.5304025e+01
   8.3983984e-01   6.3321850e-02   1.5327507e+01
   8.4084084e-01   6.2051844e-02   1.5358474e+01
   8.4184184e-01   6.0638460e-02   1.5393660e+01
   8.4284284e-01   5.9542587e-02   1.5421962e+01
   8.4384384e-01   5.8632452e-02   1.5445860e+01
   8.4484484e-01   5.7735975e-02   1.5469758e+01
   8.4584585e-01   5.6852984e-02   1.5493656e+01
   8.4684685e-01   5.5718505e-02   1.5524904e+01
   8.4784785e-01   5.4444588e-02   1.5560751e+01
   8.4884885e-01   5.3449184e-02   1.5589344e+01
   8.4984985e-01   5.2631132e-02   1.5613242e+01
   8.5085085e-01   5.1825548e-02   1.5637140e+01
   8.5185185e-01   5.1032262e-02   1.5661038e+01
   8.5285285e-01   5.0022584e-02   1.5691997e+01
   8.5385385e-01   4.8878447e-02   1.5727844e+01
   8.5485485e-01   4.7975720e-02   1.5756726e+01
   8.5585586e-01   4.7241419e-02   1.5780624e+01
   8.5685686e-01   4.6312636e-02   1.5811391e+01
   8.5785786e-01   4.5253600e-02   1.5847238e+01
   8.5885886e-01   4.4412544e-02   1.5876312e+01
   8.5985986e-01   4.3732977e-02   1.5900210e+01
   8.6086086e-01   4.2878722e-02   1.5930785e+01
   8.6186186e-01   4.1897342e-02   1.5966632e+01
   8.6286286e-01   4.1109339e-02   1.5995898e+01
   8.6386386e-01   4.0476791e-02   1.6019796e+01
   8.6486486e-01   3.9686547e-02   1.6050179e+01
   8.6586587e-01   3.8773923e-02   1.6086026e+01
   8.6686687e-01   3.8039649e-02   1.6115484e+01
   8.6786787e-01   3.7454188e-02   1.6139382e+01
   8.6886887e-01   3.6727437e-02   1.6169572e+01
   8.6986987e-01   3.5882842e-02   1.6205419e+01
   8.7087087e-01   3.5198972e-02   1.6235070e+01
   8.7187187e-01   3.4657296e-02   1.6258967e+01
   8.7287287e-01   3.3989152e-02   1.6288966e+01
   8.7387387e-01   3.3207648e-02   1.6324813e+01
   8.7487487e-01   3.2570781e-02   1.6354655e+01
   8.7587588e-01   3.2069586e-02   1.6378553e+01
   8.7687688e-01   3.1455245e-02   1.6408360e+01
   8.7787788e-01   3.0731892e-02   1.6444207e+01
   8.7887888e-01   3.0138545e-02   1.6474241e+01
   8.7987988e-01   2.9674528e-02   1.6498139e+01
   8.8088088e-01   2.9108681e-02   1.6527809e+01
   8.8188188e-01   2.8431544e-02   1.6564316e+01
   8.8288288e-01   2.7872392e-02   1.6595087e+01
   8.8388388e-01   2.7437853e-02   1.6619400e+01
   8.8488488e-01   2.7009883e-02   1.6643694e+01
   8.8588589e-01   2.6588400e-02   1.6667966e+01
   8.8688689e-01   2.6079927e-02   1.6697712e+01
   8.8788789e-01   2.5471273e-02   1.6734002e+01
   8.8888889e-01   2.4876530e-02   1.6770200e+01
   8.8988989e-01   2.4295423e-02   1.6806290e+01
   8.9089089e-01   2.3809780e-02   1.6837011e+01
   8.9189189e-01   2.3437301e-02   1.6860926e+01
   8.9289289e-01   2.2992443e-02   1.6889895e+01
   8.9389389e-01   2.2454763e-02   1.6925510e+01
   8.9489489e-01   2.1929525e-02   1.6960948e+01
   8.9589590e-01   2.1416453e-02   1.6996192e+01
   8.9689690e-01   2.0983749e-02   1.7026405e+01
   8.9789790e-01   2.0655036e-02   1.7049659e+01
   8.9889890e-01   2.0266336e-02   1.7077496e+01
   8.9989990e-01   1.9790108e-02   1.7110727e+01
   9.0090090e-01   1.9385125e-02   1.7138723e+01
   9.0190190e-01   1.9079385e-02   1.7160136e+01
   9.0290290e-01   1.8720259e-02   1.7185619e+01
   9.0390390e-01   1.8278902e-02   1.7217466e+01
   9.0490490e-01   1.7847856e-02   1.7249187e+01
   9.0590591e-01   1.7426909e-02   1.7280814e+01
   9.0690691e-01   1.7066546e-02   1.7308449e+01
   9.0790791e-01   1.6797098e-02   1.7329476e+01
   9.0890891e-01   1.6483846e-02   1.7354343e+01
   9.0990991e-01   1.6095015e-02   1.7385890e+01
   9.1091091e-01   1.5715371e-02   1.7417481e+01
   9.1191191e-01   1.5344702e-02   1.7449149e+01
   9.1291291e-01   1.5024544e-02   1.7477215e+01
   9.1391391e-01   1.4787378e-02   1.7498465e+01
   9.1491491e-01   1.4514452e-02   1.7523435e+01
   9.1591592e-01   1.4172154e-02   1.7555591e+01
   9.1691692e-01   1.3874700e-02   1.7584350e+01
   9.1791792e-01   1.3654651e-02   1.7607117e+01
   9.1891892e-01   1.3402332e-02   1.7634537e+01
   9.1991992e-01   1.3083620e-02   1.7670098e+01
   9.2092092e-01   1.2772400e-02   1.7705841e+01
   9.2192192e-01   1.2468521e-02   1.7741735e+01
   9.2292292e-01   1.2171834e-02   1.7777748e+01
   9.2392392e-01   1.1882189e-02   1.7813847e+01
   9.2492492e-01   1.1627546e-02   1.7846366e+01
   9.2592593e-01   1.1442350e-02   1.7870482e+01
   9.2692693e-01   1.1233619e-02   1.7898139e+01
   9.2792793e-01   1.0966347e-02   1.7934297e+01
   9.2892893e-01   1.0705468e-02   1.7970402e+01
   9.2992993e-01   1.0450832e-02   1.8006424e+01
   9.3093093e-01   1.0202289e-02   1.8042330e+01
   9.3193193e-01   9.9596892e-03   1.8078087e+01
   9.3293293e-01   9.7228823e-03   1.8113665e+01
   9.3393393e-01   9.4917187e-03   1.8149031e+01
   9.3493493e-01   9.2843084e-03   1.8179390e+01
   9.3593594e-01   9.1353259e-03   1.8200921e+01
   9.3693694e-01   8.9703053e-03   1.8225067e+01
   9.3793794e-01   8.7551727e-03   1.8257053e+01
   9.3893894e-01   8.5451695e-03   1.8288886e+01
   9.3993994e-01   8.3401900e-03   1.8320596e+01
   9.4094094e-01   8.1401282e-03   1.8352216e+01
   9.4194194e-01   7.9448785e-03   1.8383777e+01
   9.4294294e-01   7.7687256e-03   1.8412904e+01
   9.4394394e-01   7.6440264e-03   1.8433927e+01
   9.4494494e-01   7.5079038e-03   1.8457289e+01
   9.4594595e-01   7.3279187e-03   1.8488886e+01
   9.4694695e-01   7.1522877e-03   1.8520565e+01
   9.4794795e-01   6.9809050e-03   1.8552355e+01
   9.4894895e-01   6.8136648e-03   1.8584290e+01
   9.4994995e-01   6.6504614e-03   1.8616401e+01
   9.5095095e-01   6.4911891e-03   1.8648720e+01
   9.5195195e-01   6.3349302e-03   1.8682924e+01
   9.5295295e-01   6.1819127e-03   1.8718368e+01
   9.5395395e-01   6.0325600e-03   1.8754013e+01
   9.5495495e-01   5.8867982e-03   1.8789827e+01
   9.5595596e-01   5.7445529e-03   1.8825777e+01
   9.5695696e-01   5.6057502e-03   1.8861832e+01
   9.5795796e-01   5.4703158e-03   1.8897960e+01
   9.5895896e-01   5.3453512e-03   1.8932140e+01
   9.5995996e-01   5.2589341e-03   1.8956259e+01
   9.6096096e-01   5.1673231e-03   1.8982263e+01
   9.6196196e-01   5.0425727e-03   1.9018401e+01
   9.6296296e-01   4.9208694e-03   1.9054474e+01
   9.6396396e-01   4.8021392e-03   1.9090448e+01
   9.6496496e-01   4.6863079e-03   1.9126292e+01
   9.6596597e-01   4.5733013e-03   1.9161974e+01
   9.6696697e-01   4.4630453e-03   1.9197463e+01
   9.6796797e-01   4.3553023e-03   1.9232375e+01
   9.6896897e-01   4.2494000e-03   1.9265400e+01
   9.6996997e-01   4.1460524e-03   1.9298192e+01
   9.7097097e-01   4.0452075e-03   1.9330766e+01
   9.7197197e-01   3.9468138e-03   1.9363138e+01
   9.7297297e-01   3.8508195e-03   1.9395325e+01
   9.7397397e-01   3.7571729e-03   1.9427342e+01
   9.7497497e-01   3.6658223e-03   1.9459205e+01
   9.7597598e-01   3.5767160e-03   1.9490931e+01
   9.7697698e-01   3.4898024e-03   1.9522535e+01
   9.7797798e-01   3.4050296e-03   1.9554033e+01
   9.7897898e-01   3.3223460e-03   1.9585442e+01
   9.7997998e-01   3.2417000e-03   1.9616778e+01
   9.8098098e-01   3.1630397e-03   1.9648055e+01
   9.8198198e-01   3.0863135e-03   1.9679291e+01
   9.8298298e-01   3.0114697e-03   1.9710502e+01
   9.8398398e-01   2.9381936e-03   1.9741968e+01
   9.8498498e-01   2.8663098e-03   1.9773832e+01
   9.8598599e-01   2.7961754e-03   1.9805696e+01
   9.8698699e-01   2.7277546e-03   1.9837560e+01
   9.8798799e-01   2.6610115e-03   1.9869424e+01
   9.8898899e-01   2.5959103e-03   1.9901288e+01
   9.8998999e-01   2.5324150e-03   1.9933152e+01
   9.9099099e-01   2.4704899e-03   1.9965016e+01
   9.9199199e-01   2.4100990e-03   1.9996880e+01
   9.9299299e-01   2.3512065e-03   2.0028744e+01
   9.9399399e-01   2.2937765e-03   2.0060608e+01
   9.9499499e-01   2.2377732e-03   2.0092472e+01
   9.9599600e-01   2.1831606e-03   2.0124336e+01
   9.9699700e-01   2.1299029e-03   2.0156200e+01
   9.9799800e-01   2.0779643e-03   2.0188064e+01
   9.9899900e-01   2.0275100e-03   2.0219799e+01
   1.0000000e+00   1.9780092e-03   2.0251945e+01
